what,kind,bundleId,bundleVersion,description,time
error,log,,,"GlassFish: error ",1351698395282
error,log,,,"GlassFish: error ",1351698395283
error,log,,,"GlassFish: error ",1351698395283
error,log,,,"GlassFish: error ",1351698395283
error,log,,,"GlassFish: error ",1351698395283
error,log,,,"GlassFish: error ",1351698395283
error,log,,,"GlassFish: error ",1351698395284
error,log,,,"GlassFish: error ",1351698395284
error,log,,,"GlassFish: error ",1351698395284
error,log,,,"GlassFish: error ",1351698395284
error,log,,,"GlassFish: error ",1351698395284
error,log,,,"GlassFish: error ",1351698395285
error,log,,,"GlassFish: error ",1351698395285
error,log,,,"GlassFish: error ",1351698395285
error,log,,,"GlassFish: error ",1351698395285
error,log,,,"GlassFish: error ",1351698395286
error,log,,,"GlassFish: error ",1351698395286
error,log,,,"GlassFish: error ",1351698395286
error,log,,,"GlassFish: error ",1351698395286
error,log,,,"GlassFish: error ",1351698395286
error,log,,,"GlassFish: error ",1351698395287
error,log,,,"GlassFish: error ",1351698395287
error,log,,,"GlassFish: error ",1351698395288
error,log,,,"GlassFish: error ",1351698395288
error,log,,,"GlassFish: error ",1351698395292
error,log,,,"GlassFish: error ",1351698395293
error,log,,,"GlassFish: error ",1351698395294
error,log,,,"GlassFish: error ",1351698395294
error,log,,,"GlassFish: error ",1351698395294
error,log,,,"GlassFish: error ",1351698395294
error,log,,,"GlassFish: error ",1351698395295
error,log,,,"GlassFish: error ",1351698395295
error,log,,,"GlassFish: error ",1351698395295
error,log,,,"GlassFish: error ",1351698395295
error,log,,,"GlassFish: error ",1351698395295
error,log,,,"GlassFish: error ",1351698395296
error,log,,,"GlassFish: error ",1351698395296
error,log,,,"GlassFish: error ",1351698395296
error,log,,,"GlassFish: error ",1351698395296
error,log,,,"GlassFish: error ",1351698395296
error,log,,,"GlassFish: error ",1351698395297
error,log,,,"GlassFish: error ",1351698395297
error,log,,,"GlassFish: error ",1351698395297
error,log,,,"GlassFish: error ",1351698395297
error,log,,,"GlassFish: error ",1351698395298
error,log,,,"GlassFish: error ",1351698395298
error,log,,,"GlassFish: error ",1351698395298
error,log,,,"GlassFish: error ",1351698395298
error,log,,,"GlassFish: error ",1351698395298
error,log,,,"GlassFish: error ",1351698395299
error,log,,,"GlassFish: error ",1351698395299
error,log,,,"GlassFish: error ",1351698395299
error,log,,,"GlassFish: error ",1351698395299
error,log,,,"GlassFish: error ",1351698395300
error,log,,,"GlassFish: error ",1351698395300
error,log,,,"GlassFish: error ",1351698395300
error,log,,,"GlassFish: error ",1351698395300
error,log,,,"GlassFish: error ",1351698395304
error,log,,,"GlassFish: error ",1351698395304
error,log,,,"GlassFish: error ",1351698395305
error,log,,,"GlassFish: error ",1351698395305
error,log,,,"GlassFish: error ",1351698395305
error,log,,,"GlassFish: error ",1351698395305
error,log,,,"GlassFish: error ",1351698395306
error,log,,,"GlassFish: error ",1351698395306
error,log,,,"GlassFish: error ",1351698395306
error,log,,,"GlassFish: error ",1351698395306
error,log,,,"GlassFish: error ",1351698395307
error,log,,,"GlassFish: error ",1351698395307
error,log,,,"GlassFish: error ",1351698395307
error,log,,,"GlassFish: error ",1351698395307
error,log,,,"GlassFish: error ",1351698395308
error,log,,,"GlassFish: error ",1351698395308
error,log,,,"GlassFish: error ",1351698395308
error,log,,,"GlassFish: error ",1351698395309
error,log,,,"GlassFish: error ",1351698395309
error,log,,,"GlassFish: error ",1351698395309
error,log,,,"GlassFish: error ",1351698395310
error,log,,,"GlassFish: error ",1351698395310
error,log,,,"GlassFish: error ",1351698395310
error,log,,,"GlassFish: error ",1351698395310
error,log,,,"GlassFish: error ",1351698395311
error,log,,,"GlassFish: error ",1351698395311
error,log,,,"GlassFish: error ",1351698395311
error,log,,,"GlassFish: error ",1351698395312
error,log,,,"GlassFish: error ",1351698395312
error,log,,,"GlassFish: error ",1351698395312
error,log,,,"GlassFish: error ",1351698395313
error,log,,,"GlassFish: error ",1351698395313
error,log,,,"GlassFish: error ",1351698395313
error,log,,,"GlassFish: error ",1351698395314
error,log,,,"GlassFish: error ",1351698395314
error,log,,,"GlassFish: error ",1351698395314
error,log,,,"GlassFish: error ",1351698395315
error,log,,,"GlassFish: error ",1351698395315
error,log,,,"GlassFish: error ",1351698395315
error,log,,,"GlassFish: error ",1351698395316
error,log,,,"GlassFish: error ",1351698395316
error,log,,,"GlassFish: error ",1351698395316
error,log,,,"GlassFish: error ",1351698395317
error,log,,,"GlassFish: error ",1351698395317
error,log,,,"GlassFish: error ",1351698395317
error,log,,,"GlassFish: error ",1351698395317
error,log,,,"GlassFish: error ",1351698395317
error,log,,,"GlassFish: error ",1351698395318
error,log,,,"GlassFish: error ",1351698395318
error,log,,,"GlassFish: error ",1351698395318
error,log,,,"GlassFish: error ",1351698395318
error,log,,,"GlassFish: error ",1351698395319
error,log,,,"GlassFish: error ",1351698395319
error,log,,,"GlassFish: error ",1351698395319
error,log,,,"GlassFish: error ",1351698395319
error,log,,,"GlassFish: error ",1351698395319
error,log,,,"GlassFish: error ",1351698395320
error,log,,,"GlassFish: error ",1351698395320
error,log,,,"GlassFish: error ",1351698395320
error,log,,,"GlassFish: error ",1351698395320
error,log,,,"GlassFish: error ",1351698395321
error,log,,,"GlassFish: error ",1351698395321
error,log,,,"GlassFish: error ",1351698395321
error,log,,,"GlassFish: error ",1351698395321
error,log,,,"GlassFish: error ",1351698395321
error,log,,,"GlassFish: error ",1351698395322
error,log,,,"GlassFish: error ",1351698395322
error,log,,,"GlassFish: error ",1351698395324
error,log,,,"GlassFish: error ",1351698395324
error,log,,,"GlassFish: error ",1351698395325
error,log,,,"GlassFish: error ",1351698395325
error,log,,,"GlassFish: error ",1351698395325
error,log,,,"GlassFish: error ",1351698395325
error,log,,,"GlassFish: error ",1351698395325
error,log,,,"GlassFish: error ",1351698395326
error,log,,,"GlassFish: error ",1351698395326
error,log,,,"GlassFish: error ",1351698395326
error,log,,,"GlassFish: error ",1351698395326
error,log,,,"GlassFish: error ",1351698395327
error,log,,,"GlassFish: error ",1351698395327
error,log,,,"GlassFish: error ",1351698395327
error,log,,,"GlassFish: error ",1351698395327
error,log,,,"GlassFish: error ",1351698395327
error,log,,,"GlassFish: error ",1351698395328
error,log,,,"GlassFish: error ",1351698395328
error,log,,,"GlassFish: error ",1351698395328
error,log,,,"GlassFish: error ",1351698395328
error,log,,,"GlassFish: error ",1351698395328
error,log,,,"GlassFish: error ",1351698395329
error,log,,,"GlassFish: error ",1351698395329
error,log,,,"GlassFish: error ",1351698395329
error,log,,,"GlassFish: error ",1351698395329
error,log,,,"GlassFish: error ",1351698395330
error,log,,,"GlassFish: error ",1351698395330
error,log,,,"GlassFish: error ",1351698395330
error,log,,,"GlassFish: error ",1351698395330
error,log,,,"GlassFish: error ",1351698395330
error,log,,,"GlassFish: error ",1351698395331
error,log,,,"GlassFish: error ",1351698395331
error,log,,,"GlassFish: error ",1351698395331
error,log,,,"GlassFish: error ",1351698395331
error,log,,,"GlassFish: error ",1351698395332
error,log,,,"GlassFish: error ",1351698395332
error,log,,,"GlassFish: error ",1351698395332
error,log,,,"GlassFish: error ",1351698395332
error,log,,,"GlassFish: error ",1351698395332
error,log,,,"GlassFish: error ",1351698395333
error,log,,,"GlassFish: error ",1351698395333
error,log,,,"GlassFish: error ",1351698395333
error,log,,,"GlassFish: error ",1351698395333
error,log,,,"GlassFish: error ",1351698395334
error,log,,,"GlassFish: error ",1351698395334
error,log,,,"GlassFish: error ",1351698395334
error,log,,,"GlassFish: error ",1351698395334
error,log,,,"GlassFish: error ",1351698395334
error,log,,,"GlassFish: error ",1351698395335
error,log,,,"GlassFish: error ",1351698395335
error,log,,,"GlassFish: error ",1351698395335
error,log,,,"GlassFish: error ",1351698395335
error,log,,,"GlassFish: error ",1351698395336
error,log,,,"GlassFish: error ",1351698395336
error,log,,,"GlassFish: error ",1351698395336
error,log,,,"GlassFish: error ",1351698395336
error,log,,,"GlassFish: error ",1351698395336
error,log,,,"GlassFish: error ",1351698395337
error,log,,,"GlassFish: error ",1351698395337
error,log,,,"GlassFish: error ",1351698395337
error,log,,,"GlassFish: error ",1351698395337
error,log,,,"GlassFish: error ",1351698395337
error,log,,,"GlassFish: error ",1351698395338
error,log,,,"GlassFish: error ",1351698395338
error,log,,,"GlassFish: error ",1351698395338
error,log,,,"GlassFish: error ",1351698395338
error,log,,,"GlassFish: error ",1351698395339
error,log,,,"GlassFish: error ",1351698395339
error,log,,,"GlassFish: error ",1351698395339
error,log,,,"GlassFish: error ",1351698395339
error,log,,,"GlassFish: error ",1351698395340
error,log,,,"GlassFish: error ",1351698395340
error,log,,,"GlassFish: error ",1351698395340
error,log,,,"GlassFish: error ",1351698395340
error,log,,,"GlassFish: error ",1351698395340
error,log,,,"GlassFish: error ",1351698395341
error,log,,,"GlassFish: error ",1351698395341
error,log,,,"GlassFish: error ",1351698395341
error,log,,,"GlassFish: error ",1351698395341
error,log,,,"GlassFish: error ",1351698395342
error,log,,,"GlassFish: error ",1351698395342
error,log,,,"GlassFish: error ",1351698395342
error,log,,,"GlassFish: error ",1351698395342
error,log,,,"GlassFish: error ",1351698395342
error,log,,,"GlassFish: error ",1351698395343
error,log,,,"GlassFish: error ",1351698395343
error,log,,,"GlassFish: error ",1351698395343
error,log,,,"GlassFish: error ",1351698395343
error,log,,,"GlassFish: error ",1351698395343
error,log,,,"GlassFish: error ",1351698395344
error,log,,,"GlassFish: error ",1351698395344
error,log,,,"GlassFish: error ",1351698395344
error,log,,,"GlassFish: error ",1351698395344
error,log,,,"GlassFish: error ",1351698395345
error,log,,,"GlassFish: error ",1351698395345
error,log,,,"GlassFish: error ",1351698395345
error,log,,,"GlassFish: error ",1351698395345
error,log,,,"GlassFish: error ",1351698395345
error,log,,,"GlassFish: error ",1351698395346
error,log,,,"GlassFish: error ",1351698395346
error,log,,,"GlassFish: error ",1351698395346
error,log,,,"GlassFish: error ",1351698395346
error,log,,,"GlassFish: error ",1351698395347
error,log,,,"GlassFish: error ",1351698395347
error,log,,,"GlassFish: error ",1351698395347
error,log,,,"GlassFish: error ",1351698395347
error,log,,,"GlassFish: error ",1351698395348
error,log,,,"GlassFish: error ",1351698395348
error,log,,,"GlassFish: error ",1351698395348
error,log,,,"GlassFish: error ",1351698395348
error,log,,,"GlassFish: error ",1351698395348
error,log,,,"GlassFish: error ",1351698395349
error,log,,,"GlassFish: error ",1351698395349
error,log,,,"GlassFish: error ",1351698395349
error,log,,,"GlassFish: error ",1351698395349
error,log,,,"GlassFish: error ",1351698395349
error,log,,,"GlassFish: error ",1351698395350
error,log,,,"GlassFish: error ",1351698395350
error,log,,,"GlassFish: error ",1351698395350
error,log,,,"GlassFish: error ",1351698395350
error,log,,,"GlassFish: error ",1351698395351
error,log,,,"GlassFish: error ",1351698395351
error,log,,,"GlassFish: error ",1351698395351
error,log,,,"GlassFish: error ",1351698395351
error,log,,,"GlassFish: error ",1351698395352
error,log,,,"GlassFish: error ",1351698395352
error,log,,,"GlassFish: error ",1351698395352
error,log,,,"GlassFish: error ",1351698395352
error,log,,,"GlassFish: error ",1351698395352
error,log,,,"GlassFish: error ",1351698395353
error,log,,,"GlassFish: error ",1351698395353
error,log,,,"GlassFish: error ",1351698395353
error,log,,,"GlassFish: error ",1351698395353
error,log,,,"GlassFish: error ",1351698395354
error,log,,,"GlassFish: error ",1351698395354
error,log,,,"GlassFish: error ",1351698395354
error,log,,,"GlassFish: error ",1351698395354
error,log,,,"GlassFish: error ",1351698395354
error,log,,,"GlassFish: error ",1351698395355
error,log,,,"GlassFish: error ",1351698395355
error,log,,,"GlassFish: error ",1351698395355
error,log,,,"GlassFish: error ",1351698395355
error,log,,,"GlassFish: error ",1351698395355
error,log,,,"GlassFish: error ",1351698395356
error,log,,,"GlassFish: error ",1351698395356
error,log,,,"GlassFish: error ",1351698395356
error,log,,,"GlassFish: error ",1351698395356
error,log,,,"GlassFish: error ",1351698395357
error,log,,,"GlassFish: error ",1351698395357
error,log,,,"GlassFish: error ",1351698395357
error,log,,,"GlassFish: error ",1351698395357
error,log,,,"GlassFish: error ",1351698395358
error,log,,,"GlassFish: error ",1351698395358
error,log,,,"GlassFish: error ",1351698395358
error,log,,,"GlassFish: error ",1351698395359
error,log,,,"GlassFish: error ",1351698395359
error,log,,,"GlassFish: error ",1351698395359
error,log,,,"GlassFish: error ",1351698395360
error,log,,,"GlassFish: error ",1351698395360
error,log,,,"GlassFish: error ",1351698395360
error,log,,,"GlassFish: error ",1351698395360
error,log,,,"GlassFish: error ",1351698395361
error,log,,,"GlassFish: error ",1351698395361
error,log,,,"GlassFish: error ",1351698395361
error,log,,,"GlassFish: error ",1351698395361
error,log,,,"GlassFish: error ",1351698395361
error,log,,,"GlassFish: error ",1351698395362
error,log,,,"GlassFish: error ",1351698395362
error,log,,,"GlassFish: error ",1351698395362
error,log,,,"GlassFish: error ",1351698395362
error,log,,,"GlassFish: error ",1351698395363
error,log,,,"GlassFish: error ",1351698395363
error,log,,,"GlassFish: error ",1351698395363
error,log,,,"GlassFish: error ",1351698395363
error,log,,,"GlassFish: error ",1351698395363
error,log,,,"GlassFish: error ",1351698395364
error,log,,,"GlassFish: error ",1351698395364
error,log,,,"GlassFish: error ",1351698395364
error,log,,,"GlassFish: error ",1351698395364
error,log,,,"GlassFish: error ",1351698395365
error,log,,,"GlassFish: error ",1351698395365
error,log,,,"GlassFish: error ",1351698395365
error,log,,,"GlassFish: error ",1351698395365
error,log,,,"GlassFish: error ",1351698395365
error,log,,,"GlassFish: error ",1351698395734
error,log,,,"GlassFish: error ",1351698395735
error,log,,,"GlassFish: error ",1351698395735
error,log,,,"GlassFish: error ",1351698395735
error,log,,,"GlassFish: error ",1351698395735
error,log,,,"GlassFish: error ",1351698395735
error,log,,,"GlassFish: error ",1351698395736
error,log,,,"GlassFish: error ",1351698395736
error,log,,,"GlassFish: error ",1351698395736
error,log,,,"GlassFish: error ",1351698395736
error,log,,,"GlassFish: error ",1351698395736
error,log,,,"GlassFish: error ",1351698395737
error,log,,,"GlassFish: error ",1351698395737
error,log,,,"GlassFish: error ",1351698395737
error,log,,,"GlassFish: error ",1351698395737
error,log,,,"GlassFish: error ",1351698395738
error,log,,,"GlassFish: error ",1351698395738
error,log,,,"GlassFish: error ",1351698395738
error,log,,,"GlassFish: error ",1351698395738
error,log,,,"GlassFish: error ",1351698395738
error,log,,,"GlassFish: error ",1351698395739
error,log,,,"GlassFish: error ",1351698395739
error,log,,,"GlassFish: error ",1351698395739
error,log,,,"GlassFish: error ",1351698395739
error,log,,,"GlassFish: error ",1351698395740
error,log,,,"GlassFish: error ",1351698395740
error,log,,,"GlassFish: error ",1351698395741
error,log,,,"GlassFish: error ",1351698395741
error,log,,,"GlassFish: error ",1351698395741
error,log,,,"GlassFish: error ",1351698395741
error,log,,,"GlassFish: error ",1351698395741
error,log,,,"GlassFish: error ",1351698395742
error,log,,,"GlassFish: error ",1351698395742
error,log,,,"GlassFish: error ",1351698395742
error,log,,,"GlassFish: error ",1351698395742
error,log,,,"GlassFish: error ",1351698395743
error,log,,,"GlassFish: error ",1351698395743
error,log,,,"GlassFish: error ",1351698395743
error,log,,,"GlassFish: error ",1351698395743
error,log,,,"GlassFish: error ",1351698395743
error,log,,,"GlassFish: error ",1351698395744
error,log,,,"GlassFish: error ",1351698395744
error,log,,,"GlassFish: error ",1351698395744
error,log,,,"GlassFish: error ",1351698395744
error,log,,,"GlassFish: error ",1351698395745
error,log,,,"GlassFish: error ",1351698395745
error,log,,,"GlassFish: error ",1351698395745
error,log,,,"GlassFish: error ",1351698395745
error,log,,,"GlassFish: error ",1351698395745
error,log,,,"GlassFish: error ",1351698395746
error,log,,,"GlassFish: error ",1351698395746
error,log,,,"GlassFish: error ",1351698395746
error,log,,,"GlassFish: error ",1351698395746
error,log,,,"GlassFish: error ",1351698395747
error,log,,,"GlassFish: error ",1351698395747
error,log,,,"GlassFish: error ",1351698395747
error,log,,,"GlassFish: error ",1351698395747
error,log,,,"GlassFish: error ",1351698395747
error,log,,,"GlassFish: error ",1351698395748
error,log,,,"GlassFish: error ",1351698395748
error,log,,,"GlassFish: error ",1351698395748
error,log,,,"GlassFish: error ",1351698395748
error,log,,,"GlassFish: error ",1351698395749
error,log,,,"GlassFish: error ",1351698395749
error,log,,,"GlassFish: error ",1351698395749
error,log,,,"GlassFish: error ",1351698395749
error,log,,,"GlassFish: error ",1351698395749
error,log,,,"GlassFish: error ",1351698395750
error,log,,,"GlassFish: error ",1351698395750
error,log,,,"GlassFish: error ",1351698395750
error,log,,,"GlassFish: error ",1351698395750
error,log,,,"GlassFish: error ",1351698395751
error,log,,,"GlassFish: error ",1351698395751
error,log,,,"GlassFish: error ",1351698395751
error,log,,,"GlassFish: error ",1351698395751
error,log,,,"GlassFish: error ",1351698395751
error,log,,,"GlassFish: error ",1351698395752
error,log,,,"GlassFish: error ",1351698395752
error,log,,,"GlassFish: error ",1351698395752
error,log,,,"GlassFish: error ",1351698395752
error,log,,,"GlassFish: error ",1351698395753
error,log,,,"GlassFish: error ",1351698395753
error,log,,,"GlassFish: error ",1351698395753
error,log,,,"GlassFish: error ",1351698395753
error,log,,,"GlassFish: error ",1351698395753
error,log,,,"GlassFish: error ",1351698395754
error,log,,,"GlassFish: error ",1351698395754
error,log,,,"GlassFish: error ",1351698395754
error,log,,,"GlassFish: error ",1351698395754
error,log,,,"GlassFish: error ",1351698395755
error,log,,,"GlassFish: error ",1351698395755
error,log,,,"GlassFish: error ",1351698395755
error,log,,,"GlassFish: error ",1351698395755
error,log,,,"GlassFish: error ",1351698395755
error,log,,,"GlassFish: error ",1351698395756
error,log,,,"GlassFish: error ",1351698395756
error,log,,,"GlassFish: error ",1351698395756
error,log,,,"GlassFish: error ",1351698395756
error,log,,,"GlassFish: error ",1351698395757
error,log,,,"GlassFish: error ",1351698395757
error,log,,,"GlassFish: error ",1351698395757
error,log,,,"GlassFish: error ",1351698395757
error,log,,,"GlassFish: error ",1351698395757
error,log,,,"GlassFish: error ",1351698395758
error,log,,,"GlassFish: error ",1351698395758
error,log,,,"GlassFish: error ",1351698395758
error,log,,,"GlassFish: error ",1351698395758
error,log,,,"GlassFish: error ",1351698395759
error,log,,,"GlassFish: error ",1351698395759
error,log,,,"GlassFish: error ",1351698395759
error,log,,,"GlassFish: error ",1351698395759
error,log,,,"GlassFish: error ",1351698395759
error,log,,,"GlassFish: error ",1351698395760
error,log,,,"GlassFish: error ",1351698395760
error,log,,,"GlassFish: error ",1351698395760
error,log,,,"GlassFish: error ",1351698395760
error,log,,,"GlassFish: error ",1351698395760
error,log,,,"GlassFish: error ",1351698395761
error,log,,,"GlassFish: error ",1351698395761
error,log,,,"GlassFish: error ",1351698395761
error,log,,,"GlassFish: error ",1351698395761
error,log,,,"GlassFish: error ",1351698395762
error,log,,,"GlassFish: error ",1351698395762
error,log,,,"GlassFish: error ",1351698395762
error,log,,,"GlassFish: error ",1351698395762
error,log,,,"GlassFish: error ",1351698395762
error,log,,,"GlassFish: error ",1351698395763
error,log,,,"GlassFish: error ",1351698395763
error,log,,,"GlassFish: error ",1351698395763
error,log,,,"GlassFish: error ",1351698395763
error,log,,,"GlassFish: error ",1351698395764
error,log,,,"GlassFish: error ",1351698395764
error,log,,,"GlassFish: error ",1351698395764
error,log,,,"GlassFish: error ",1351698395764
error,log,,,"GlassFish: error ",1351698395764
error,log,,,"GlassFish: error ",1351698395765
error,log,,,"GlassFish: error ",1351698395765
error,log,,,"GlassFish: error ",1351698395765
error,log,,,"GlassFish: error ",1351698395765
error,log,,,"GlassFish: error ",1351698395766
error,log,,,"GlassFish: error ",1351698395766
error,log,,,"GlassFish: error ",1351698395766
error,log,,,"GlassFish: error ",1351698395766
error,log,,,"GlassFish: error ",1351698395766
error,log,,,"GlassFish: error ",1351698395767
error,log,,,"GlassFish: error ",1351698395767
error,log,,,"GlassFish: error ",1351698395767
error,log,,,"GlassFish: error ",1351698395767
error,log,,,"GlassFish: error ",1351698395768
error,log,,,"GlassFish: error ",1351698395768
error,log,,,"GlassFish: error ",1351698395768
error,log,,,"GlassFish: error ",1351698395768
error,log,,,"GlassFish: error ",1351698395769
error,log,,,"GlassFish: error ",1351698395769
error,log,,,"GlassFish: error ",1351698395769
error,log,,,"GlassFish: error ",1351698395769
error,log,,,"GlassFish: error ",1351698395769
error,log,,,"GlassFish: error ",1351698395770
error,log,,,"GlassFish: error ",1351698395770
error,log,,,"GlassFish: error ",1351698395770
error,log,,,"GlassFish: error ",1351698395770
error,log,,,"GlassFish: error ",1351698395771
error,log,,,"GlassFish: error ",1351698395771
error,log,,,"GlassFish: error ",1351698395771
error,log,,,"GlassFish: error ",1351698395771
error,log,,,"GlassFish: error ",1351698395772
error,log,,,"GlassFish: error ",1351698395772
error,log,,,"GlassFish: error ",1351698395772
error,log,,,"GlassFish: error ",1351698395772
error,log,,,"GlassFish: error ",1351698395772
error,log,,,"GlassFish: error ",1351698395773
error,log,,,"GlassFish: error ",1351698395773
error,log,,,"GlassFish: error ",1351698395773
error,log,,,"GlassFish: error ",1351698395773
error,log,,,"GlassFish: error ",1351698395774
error,log,,,"GlassFish: error ",1351698395774
error,log,,,"GlassFish: error ",1351698395774
error,log,,,"GlassFish: error ",1351698395774
error,log,,,"GlassFish: error ",1351698395774
error,log,,,"GlassFish: error ",1351698395775
error,log,,,"GlassFish: error ",1351698395775
error,log,,,"GlassFish: error ",1351698395775
error,log,,,"GlassFish: error ",1351698395775
error,log,,,"GlassFish: error ",1351698395775
error,log,,,"GlassFish: error ",1351698395776
error,log,,,"GlassFish: error ",1351698395776
error,log,,,"GlassFish: error ",1351698395776
error,log,,,"GlassFish: error ",1351698395776
error,log,,,"GlassFish: error ",1351698395777
error,log,,,"GlassFish: error ",1351698395777
error,log,,,"GlassFish: error ",1351698395777
error,log,,,"GlassFish: error ",1351698395777
error,log,,,"GlassFish: error ",1351698395777
error,log,,,"GlassFish: error ",1351698395778
error,log,,,"GlassFish: error ",1351698395778
error,log,,,"GlassFish: error ",1351698395778
error,log,,,"GlassFish: error ",1351698395778
error,log,,,"GlassFish: error ",1351698395779
error,log,,,"GlassFish: error ",1351698395779
error,log,,,"GlassFish: error ",1351698395779
error,log,,,"GlassFish: error ",1351698395779
error,log,,,"GlassFish: error ",1351698395779
error,log,,,"GlassFish: error ",1351698395780
error,log,,,"GlassFish: error ",1351698395780
error,log,,,"GlassFish: error ",1351698395780
error,log,,,"GlassFish: error ",1351698395780
error,log,,,"GlassFish: error ",1351698395781
error,log,,,"GlassFish: error ",1351698395781
error,log,,,"GlassFish: error ",1351698395781
error,log,,,"GlassFish: error ",1351698395781
error,log,,,"GlassFish: error ",1351698395781
error,log,,,"GlassFish: error ",1351698395782
error,log,,,"GlassFish: error ",1351698395782
error,log,,,"GlassFish: error ",1351698395782
error,log,,,"GlassFish: error ",1351698395782
error,log,,,"GlassFish: error ",1351698395783
error,log,,,"GlassFish: error ",1351698395783
error,log,,,"GlassFish: error ",1351698395783
error,log,,,"GlassFish: error ",1351698395783
error,log,,,"GlassFish: error ",1351698395783
error,log,,,"GlassFish: error ",1351698395784
error,log,,,"GlassFish: error ",1351698395784
error,log,,,"GlassFish: error ",1351698395784
error,log,,,"GlassFish: error ",1351698395784
error,log,,,"GlassFish: error ",1351698395785
error,log,,,"GlassFish: error ",1351698395785
error,log,,,"GlassFish: error ",1351698395785
error,log,,,"GlassFish: error ",1351698395785
error,log,,,"GlassFish: error ",1351698395785
error,log,,,"GlassFish: error ",1351698395786
error,log,,,"GlassFish: error ",1351698395786
error,log,,,"GlassFish: error ",1351698395786
error,log,,,"GlassFish: error ",1351698395786
error,log,,,"GlassFish: error ",1351698395787
error,log,,,"GlassFish: error ",1351698395787
error,log,,,"GlassFish: error ",1351698395787
error,log,,,"GlassFish: error ",1351698395787
error,log,,,"GlassFish: error ",1351698395788
error,log,,,"GlassFish: error ",1351698395788
error,log,,,"GlassFish: error ",1351698395788
error,log,,,"GlassFish: error ",1351698395788
error,log,,,"GlassFish: error ",1351698395788
